0. 0
1. 
2. 
3. 
4. 
5. 
6. 0
7. 0
8. 
9. 
10. 
11. 
12. 0
13. 
14. 0
15. 
16. 
17. 
18. 
19. 
20. 0
21. 
22. 
23. 
24. 
25. 
26. 
27. 
28. 0
29. 0
30. 
31. 
32. 0
33. 0
34. 
35. 
36. 
37. 
38. 
39. 
40. 
41. 
42. 
43. 
44. 
45. 
46. 0
47. 0
48. 
49. 
50. 
51. 
52. 
53. 
54. 
55. 0
56. 
57. 
58. 
59. 
60. 0
61. 
62. 0
63. 
64. 
65. 
66. 
67. 
68. 
69. 0
70. 
71. 0
72. 
73. 
74. 
75. 0
76. 
77. 
78. 
79. 0
80. 
81. 
82. 
83. 0
84. 
85. 
86. 
87. 
88. 
89. 0
90. 
91. 
92. 0
93. 
94. 0
95. 
96. 
97. 
98. 
99. 0
