0. e
1. e
2. e
3. e
4. e
5. 
6. e
7. 
8. e
9. e
10. 
11. 
12. e
13. e
14. e
15. 
16. 
17. 
18. 
19. e
20. 
21. e
22. 
23. e
24. 
25. 
26. e
27. e
28. 
29. 
30. 
31. e
32. e
33. 
34. e
35. e
36. 
37. 
38. 
39. e
40. 
41. 
42. e
43. 
44. 
45. p
46. 
47. 
48. e
49. e
50. 
51. 
52. 
53. 
54. e
55. e
56. 
57. e
58. e
59. 
60. e
61. 
62. 
63. e
64. e
65. 
66. e
67. e
68. 
69. e
70. e
71. e
72. e
73. 
74. 
75. 
76. e
77. e
78. e
79. 
80. 
81. 
82. e
83. 
84. e
85. 
86. 
87. 
88. 
89. e
90. e
91. e
92. 
93. 
94. 
95. e
96. 
97. e
98. e
99. 
100. 
101. 
102. e
103. 
104. 
105. 
106. e
107. 
108. 
109. e
110. 
111. e
112. 
113. 
114. e
115. e
116. 
117. 
118. e
119. 
120. e
121. e
122. e
123. 
124. 
125. p
126. 
127. 
128. 
129. e
130. 
131. 
132. 
133. 
134. 
135. e
136. 
137. e
138. 
139. e
140. 
141. e
142. 
143. e
144. e
145. 
146. 
147. e
148. 
149. e
150. 
151. e
152. e
153. e
154. e
155. e
156. 
157. e
158. 
159. 
160. e
161. e
162. 
163. 
164. e
165. 
166. e
167. 
168. e
169. 
170. 
171. 
172. e
173. 
174. 
175. 
176. e
177. 
178. 
179. e
180. 
181. 
182. e
183. 
184. 
185. 
186. e
187. e
188. 
189. 
190. e
191. e
192. 
193. 
194. 
195. 
196. e
197. 
198. 
199. e
200. 
201. 
202. e
203. 
204. 
205. 
206. 
207. e
208. 
209. e
210. 
211. e
212. e
213. 
214. 
215. e
216. 
217. 
218. 
219. e
220. 
221. e
222. 
223. 
224. 
225. 
226. 
227. 
228. e
229. 
230. 
231. 
232. 
233. 
234. 
235. 
236. 
237. 
238. 
239. e
240. e
241. 
242. 
243. e
244. 
245. 
246. 
247. 
248. e
249. 
250. 
251. 
252. 
253. 
254. 
255. e
256. e
257. e
258. 
259. e
260. 
261. 
262. 
263. 
264. 
265. e
266. 
267. 
268. e
269. e
270. 
271. 
272. 
273. 
274. 
275. 
276. e
277. e
278. 
279. 
280. 
281. e
282. e
283. e
284. e
285. 
286. e
287. 
288. e
289. e
290. e
291. e
292. 
293. 
294. e
295. e
296. 
297. 
298. 
299. 
300. e
301. e
302. e
303. 
304. 
305. e
306. e
307. 
308. 
309. 
310. e
311. 
312. e
313. 
314. e
315. 
316. e
317. 
318. 
319. e
320. e
321. 
322. e
323. 
324. 
325. 
326. e
327. e
328. 
329. 
330. 
331. 
332. 
333. 
334. 
335. e
336. 
337. 
338. e
339. 
340. e
341. 
342. e
343. 
344. e
345. 
346. 
347. 
348. 
349. e
350. e
351. 
352. 
353. e
354. 
355. e
356. 
357. 
358. e
359. e
360. 
361. e
362. e
363. e
364. e
365. e
366. 
367. 
368. e
369. e
370. e
371. 
372. e
373. e
374. e
375. 
376. 
377. e
378. 
379. 
380. 
381. 
382. 
383. 
384. e
385. e
386. e
387. 
388. 
389. e
390. 
391. 
392. 
393. 
394. 
395. 
396. 
397. e
398. e
399. e
400. 
401. e
402. e
403. 
404. e
405. e
406. 
407. 
408. 
409. e
410. e
411. 
412. 
413. 
414. e
415. 
416. 
417. 
418. 
419. e
420. 
421. e
422. e
423. e
424. 
425. e
426. e
427. 
428. 
429. 
430. 
431. e
432. 
433. e
434. e
435. e
436. 
437. e
438. 
439. 
440. 
441. e
442. e
443. 
444. 
445. 
446. e
447. 
448. e
449. 
450. e
451. e
452. 
453. e
454. 
455. 
456. 
457. e
458. e
459. 
460. 
461. e
462. e
463. e
464. 
465. 
466. 
467. e
468. 
469. 
470. e
471. e
472. e
473. 
474. 
475. 
476. 
477. 
478. 
479. e
480. 
481. e
482. 
483. 
484. e
485. 
486. 
487. e
488. 
489. 
490. 
491. 
492. e
493. 
494. 
495. 
496. 
497. 
498. 
499. 
500. e
501. 
502. 
503. 
504. e
505. e
506. 
507. e
508. e
509. 
510. 
511. p
512. e
513. 
514. e
515. 
516. p
517. e
518. 
519. 
520. 
521. e
522. 
523. e
524. e
525. 
526. e
527. 
528. e
529. e
530. 
531. 
532. 
533. e
534. e
535. 
536. e
537. e
538. 
539. e
540. e
541. p
542. 
543. e
544. 
545. 
546. 
547. e
548. e
549. 
550. e
551. e
552. 
553. 
554. e
555. e
556. 
557. 
558. e
559. 
560. 
561. e
562. 
563. 
564. e
565. e
566. 
567. e
568. e
569. 
570. e
571. 
572. e
573. 
574. 
575. 
576. 
577. 
578. 
579. e
580. 
581. e
582. 
583. 
584. e
585. e
586. e
587. 
588. 
589. e
590. e
591. 
592. 
593. 
594. 
595. 
596. 
597. 
598. 
599. e
600. e
601. 
602. 
603. 
604. 
605. 
606. 
607. 
608. 
609. e
610. e
611. e
612. 
613. 
614. 
615. 
616. e
617. 
618. 
619. e
620. e
621. e
622. 
623. e
624. 
625. e
626. 
627. e
628. 
629. e
630. e
631. e
632. e
633. 
634. 
635. 
636. e
637. 
638. e
639. e
640. 
641. 
642. e
643. 
644. 
645. 
646. e
647. e
648. 
649. 
650. 
651. 
652. e
653. 
654. e
655. e
656. e
657. e
658. 
659. e
660. 
661. 
662. 
663. e
664. e
665. 
666. 
667. 
668. e
669. e
670. 
671. 
672. e
673. 
674. e
675. e
676. e
677. 
678. 
679. e
680. 
681. e
682. 
683. e
684. 
685. 
686. e
687. e
688. e
689. 
690. e
691. e
692. 
693. 
694. e
695. 
696. 
697. 
698. 
699. e
700. 
